0.68013468	0.452500377	0	0	1	4.27988
0.444444444	0.381175484	0	0	1	0.646243			
0.281294983	0.275254565	0	0	1	1.08625
0.125006094	0.329543336	0	0	1	0.509332
0.074160236	0.400950348	0	0	1	0.560355
0.066107037	0.418144048	0	0	1	0.414252
0.08373	0.337442185	0	0	1	1.03546
0.227108148	0.241288851	0	0	1	0.716487				
0.268005791	0.242247632	0	0	1	0.678252
0.153473838	0.287248209	0	0	1	0.392706				
0.367003367	0.271525971	0	0	1	1.44833
0.18619367	1	0	0	1	1.3082
0.100537071	0.186347576	0	0	1	1.74146			
0.794612795	0.451799047	0	0	1	1.18283
0.363636364	0.180648154	0	0	1	0.148478
0.220840808	0.166943352	0	0	1	0.237083
0.154779428	0.153908809	0	0	1	0.272584
0.108068586	0.163485525	0	0	1	0.271781
0.277904478	0.193951244	0	0	1	1.12479
0.154779428	0.190526708	0	0	1	0.344931
0.160170505	0.195704571	0	0	1	0.303688
0.251053098	0.18740845	0	0	1	0.315462
0.300895118	0.211151603	0	0	1	1.07694
0.15522037	0.192242305	0	0	1	0.221129
0.100046431	0.214882416	0	0	1	0.268436
0.171237912	0.155764229	0	0	1	0.220855
0.258246835	0.264255213	0	0	1	0.389872
0.035488249	0.385323544	0	0	1	0.85044				
0.243088923	0.238354802	0	0	1	0.656981
0.108305118	0.368491606	0	0	1	0.509485
0.09343431	0.182501354	0	0	1	0.176063
0.279711785	0.152179896	0	0	1	0.124632
0.16370229	0.211943929	0	0	1	0.269664			
0.155159663	0.157988068	0	0	1	0.273774
0.238898081	0.168117415	0	0	1	0.346069
0.314915421	0.195642428	0	0	1	0.257819
0.095536835	0.173202063	0	0	1	0.206798				
0.299838283	0.312993262	0	1	0	0.555021
0.161848114	0.304874693	0	1	0	0.249207
0.228026734	0.240008256	0	1	0	0.434973
0.197325387	0.260309118	0	1	0	0.274519
0.121905589	0.190531147	0	1	0	0.257588				
0.134033805	0.307975196	0	1	0	0.426505
0.094829899	0.281728558	0	1	0	1.46863				
0.447811448	0.171308914	0	0	1	1.35967
0.353535354	0.386297861	0	0	1	0.479285
0.051758721	0.323650826	0	0	1	0.345139
0.243623906	0.137955754	0	0	1	0.134213
0.28287468	0.139256323	0	0	1	0.050605
0.109147071	0.189541294	0	0	1	0.278904
0.161460741	0.250643626	0	0	1	0.109203
0.135805253	0.199750539	0	0	1	0.210603
0.153859091	0.198787319	0	0	1	0.238635				
1	0.422223307	1	0	0	0.881634
0.488215488	0.241100202	1	0	0	1.51004
0.093665926	0.265520272	1	0	0	0.929417
0.127046633	0.275818293	1	0	0	0.414228
0.179272256	0.248857008	1	0	0	0.356905				
0.676767677	0.443043374	0	0	1	3.22637
0.444444444	0.349465102	0	0	1	0.424653
0.150479192	0.03935597	0	0	1	0.455719
0.263963333	0.104833832	0	0	1	0.558521
0.102859966	0.239319148	0	0	1	0.897232				
0.280053333	0.082797248	0	0	1	0.779062
0.124456397	0.136511031	0	0	1	0.345559
0.0738333	0.19508161	0	0	1	0.562082
0.058953367	0.15709026	0	0	1	0.494624
0.065815421	0.19588471	0	0	1	0.353436
0.083359529	0.148421788	0	0	1	0.705589
0.226106936	0.190525	0	0	1	0.624241				
0.266821987	0.210342409	0	0	1	0.52278
0.152798653	0.175993735	0	0	1	0.318002				
0.367003367	0.19181684	0	0	1	1.10285
0.18537303	0.222757236	0	0	1	1.04945
0.100094478	0.096363885	0	0	1	0.860063			
0.791245791	0.442825949	0	0	1	1.05426
0.36026936	0.102932799	0	0	1	0.132758
0.219867138	0.106553197	0	0	1	0.190861
0.158831953	0.141522676	0	0	1	0.323365
0.154097003	0.130642015	0	0	1	0.274249
0.15946404	0.104485955	0	0	1	0.252722
0.249948182	0.08202459	0	0	1	0.259939
0.299568754	0.171023932	0	0	1	0.790689
0.154535859	0.07639178	0	0	1	0.1901
0.099605219	0.104066056	0	0	1	0.242443
0.170482694	0.097541648	0	0	1	0.185619
0.257108283	0.195890542	0	0	1	0.331069
0.035331549	0.32320824	0	0	1	0.785366				
0.242016734	0.104333751	0	0	1	0.504918
0.107827609	0.339835128	0	0	1	0.436376
0.093022357	0.13918066	0	0	1	0.152648
0.278487306	0.038154144	0	0	1	0.107739
0.162980337	0.045991328	0	0	1	0.244737				
0.234560168	0.152490852	0	0	1	0.952144
0.296291515	0.167357884	0	0	1	0.313385
0.154476061	0.122483403	0	0	1	0.226575
0.237851717	0.087033392	0	0	1	0.310806
0.313529293	0.070957608	0	0	1	0.227192
0.095115387	0.114196117	0	0	1	0.172072				
0.298516397	0.207668507	0	1	0	0.370463
0.161135657	0.137010641	0	1	0	0.251669
0.227020135	0.127472082	0	1	0	0.276448
0.196453502	0.095017867	0	1	0	0.216308
0.121368519	0.08580551	0	1	0	0.257391				
0.133442963	0.194981237	0	1	0	0.37222
0.094411852	0.161079839	0	1	0	1.60471				
0.444444444	0.165773888	0	0	1	1.02113
0.353535354	0.382790477	0	0	1	0.394891
0.051534882	0.336686038	0	0	1	0.288229
0.242553805	0.177923965	0	0	1	0.115546
0.281627879	0.148361597	0	0	1	0.074395
0.10864798	0.201416876	0	0	1	0.11451
0.160749663	0.173392203	0	0	1	1.23858
0.135206566	0.124305885	0	0	1	0.179177
0.153179596	0.121329082	0	0	1	0.195052			
0.996632997	0.277782159	1	0	0	0.594382
0.484848485	0.165062958	1	0	0	0.86589
0.093252761	0.253349388	1	0	0	0.772613		
0.178481549	0.075890562	1	0	0	0.290937
0.128114343	0.247800245	1	0	0	0.227232
